mass_A
t	x	y
0.0	126.19047619047598	236.90476190476153
0.03384444444444445	126.33790108695962	224.75861650196975
0.0676888888888889	126.16722780682929	218.60595438558386
0.10154444444444445	126.15850249247322	212.5223281845973
0.1353888888888889	126.18632379776878	207.0141304403258
0.16924444444444445	126.19183507787014	202.40137388063857
0.2030888888888889	126.20355024427428	199.44638983707836
0.23694444444444446	126.16757398847648	198.20291371263988
0.2707888888888889	126.21912213124617	199.02129594395825
0.30463333333333337	126.39245185423275	201.63851934456943
0.3384888888888889	126.4074709640274	205.9287204036932
0.37233333333333335	126.36716241889283	211.1930920950258
0.40618888888888893	126.3442376089852	217.42725044070613
0.4400333333333334	126.46404988541781	223.3923076059006
0.4738888888888889	126.58799361491884	228.94958509312022
0.5077333333333334	126.67801239343873	233.26558091170722
0.5415777777777778	126.60264497036815	236.20814336671333
0.5754333333333334	126.5615380736237	237.37930719295315
0.6092777777777778	126.66150433484538	236.82740728457446
0.6431333333333333	126.54482219084466	234.35415090629226
0.6769777777777778	126.43503269304725	230.34100445703285
0.7108333333333333	126.18002463928028	225.13040132079675
0.7446777777777778	125.97234749387144	219.08318116825097
0.7785222222222222	125.84716405042752	212.79955593633366
0.8123777777777779	125.64175465803751	207.24096944095584
0.8462222222222222	125.58140870228618	202.6491149674713
0.8800777777777778	125.51239971541472	199.54129544958954
0.9139222222222223	125.53155956499938	198.17041049891395
0.9477777777777778	125.58508209559568	198.8642511690869
0.9816222222222223	125.67395947019091	201.46869230041654
1.0154666666666667	125.78477741358478	205.61390428560645
1.0493222222222223	125.81302995835762	210.93877590189356
1.0831666666666666	126.05402530289331	216.93767273307384
1.1170222222222224	126.2702245052808	223.14126033792724
1.1508666666666667	126.47918335218759	228.6376074405685
1.1847222222222222	126.63824260711849	233.17040922161243
1.2185666666666668	126.7424127816387	236.13952710295746
1.2524111111111111	126.82462185511909	237.42512260568157
1.2862666666666667	126.88798330844588	236.8939350560513
1.3201111111111112	126.87842902607716	234.46048200158265
1.3539666666666668	126.83036566600461	230.45170973565843
1.387811111111111	126.72151720770123	225.28357241827575
1.4216666666666666	126.65879817072951	219.32152269685508
1.4555111111111112	126.68891245164309	213.27795088613993
1.4893555555555555	126.60250226897944	207.61082988018813
1.5232111111111113	126.3193231968425	202.9948834097695
1.5570555555555556	126.16445580299086	199.7131140139004
1.5909111111111112	126.13074083454453	198.21906196943354
1.6247555555555557	126.15008964477897	198.81481494874532
1.6586111111111113	126.15018611825724	201.34639146615308
1.6924555555555556	126.11390779008158	205.37155733325778
1.7263000000000002	126.10953658539393	210.5252709366507
1.7601555555555557	126.18293707694426	216.4144653239518
1.794	126.23516328192707	222.66440060868212
1.8278555555555556	126.21635484396663	228.3287640226551
1.8617000000000001	126.21515308684772	232.93576400799788
1.8955555555555557	126.22489011036188	236.05047389225683
1.9294	126.27455497954577	237.44643215354677
1.9632444444444446	126.24240281119603	236.98938680102202
1.9971	126.21502346565543	234.83516514010995
2.0309444444444447	126.16886385079317	230.95241319390448
2.0648	126.09587467981598	225.77589860765352
2.0986444444444445	126.11187101110198	219.86060021337403
2.1325000000000003	126.13436083762008	208.07366989600405
2.1663444444444444	126.08681007049756	203.31517979015416
2.200188888888889	126.11549080576557	200.03510883540883
2.2340444444444447	126.13520486900993	200.07401927354834
2.267888888888889	126.3222207928801	198.92767208536128
2.3017444444444446	126.2762646940663	198.8944285407257
2.335588888888889	126.3163553923016	201.38353672651084
2.3694444444444445	126.65315469274611	210.46144560184842
2.403288888888889	126.8358229494994	216.27086711466137
2.4371333333333336	126.91235922173203	222.24964610924332
2.470988888888889	126.90295873335657	227.96943968707194
2.5048333333333335	126.90034558021085	232.53149702191587
2.538688888888889	126.92160866336067	235.67278276901772
2.5725333333333333	126.96951189238672	237.0730402338201
2.606388888888889	126.92972188103866	236.99157834624862
2.6402333333333337	126.77725945765425	234.52215430360383
2.6740777777777778	126.7974009885703	234.44609400955335
2.7079333333333335	126.43792717647881	225.6486921552165
2.741777777777778	126.23148161169621	219.9111833326678
2.7756333333333334	126.12627584343778	213.730095839512
2.809477777777778	125.85655525387884	208.05075430809472
2.8433333333333333	125.56172828560653	203.31103760066475
2.877177777777778	125.53729544493086	199.92788983489208
2.9110222222222224	125.52455237663628	198.28778611763732
2.9448777777777777	125.54160084654416	198.64197165702512
2.9787222222222223	125.55440861117748	200.86533899925337
3.012577777777778	125.57545694408154	204.7252481210906
3.0464222222222226	125.69379327117366	209.8659841140593
3.080277777777778	125.91291845656212	215.78042062925533
3.1141222222222225	126.12952222793618	221.878472369821
3.147966666666667	126.21938187477349	227.59168560588034
3.1818222222222223	126.31777328006592	232.35227778406363
3.215666666666667	126.56992369217278	235.6472068953347
3.249522222222222	126.77089884575506	237.14874873623916
3.2833666666666668	126.80065630880861	236.85590546981587
3.3172222222222225	126.80566612321508	234.89902882219081
3.3510666666666666	126.80168460443508	231.18208843604583
3.384911111111111	126.81248381477607	226.0845979145359
3.418766666666667	126.8258449974497	220.2836833973863
3.452611111111111	126.7419557434215	214.20220056253555
3.486466666666667	126.66091317830796	208.50840836365114
3.5203111111111114	126.52533053826556	203.73291536101357
3.5541666666666667	126.64825457332998	200.29122991880462
3.5880111111111113	126.6187857180386	198.5157291396976
3.621855555555556	126.67981049405685	198.7047243888897
3.655711111111111	126.57176566863492	200.82843223055625
3.6895555555555557	126.68700825483307	204.62706793099937
3.7234111111111114	126.80015612316592	209.63858094607372
3.7572555555555556	126.79703236903416	215.420014104092
3.7911111111111113	126.80301536460777	221.55737808581233
3.824955555555556	126.791317316694	227.23636129640062
3.8588	126.80984693680216	231.95896112584154
3.8926555555555558	126.82156118818602	235.40827265175625
3.9265000000000003	126.81593059426757	237.06277832997813
3.9603555555555556	126.74700470455039	236.90105387818028
3.9942	126.63025194899228	235.02440108882558
4.0280555555555555	126.54349557300895	231.51388657490213
4.0619000000000005	126.56119421984886	226.50292335354635
4.095744444444445	126.45519284572501	220.6238048421472
4.1296	126.25249869039018	214.64476656203965
4.163444444444445	126.1739590082473	208.7289185969916
4.1973	126.17176260910819	203.939042038215
4.231144444444444	126.17859824190103	200.3778640500983
4.265000000000001	126.23642915071576	198.37835734261347
4.298844444444445	126.22086607359691	198.44923927998394
4.332688888888889	126.28881183382964	200.59937391441593
4.366544444444445	126.52991835939244	204.37325224813605
4.400388888888889	126.80527514478013	209.35584795261173
4.434244444444444	126.87753873877173	215.1261394758639
4.468088888888889	126.95150878382645	221.1146353827579
4.501944444444445	127.05582490215312	226.7847755041061
4.535788888888889	127.29569424970575	231.6883257949873
4.569633333333334	127.42264810948024	235.06397411580616
4.603488888888889	127.42462113220591	236.78668474216397
4.637333333333333	127.42704380344023	236.8475420281365
4.6711888888888895	127.33968292842778	235.04444526540988
4.705033333333334	127.36345285688628	231.66218026769877
4.738888888888889	127.15790833905962	226.71859362272818
4.772733333333334	126.97389568966591	221.07963039005324
4.806588888888889	126.788865283288	214.99441208736278
4.840433333333333	126.61172973407616	209.23508734933512
4.874277777777778	126.40266841825735	204.29122975745844
4.908133333333334	126.23522986391328	200.63411514640006
4.941977777777778	126.12827460893118	198.61147502935944
4.975833333333334	126.07564935034046	198.74138971690883
5.009677777777778	126.13157427462897	200.68561205464863
5.043533333333333	126.1462213273127	204.20530119552183
5.077377777777778	126.18461904400917	209.1199675534612
5.1112222222222226	126.22089623558395	214.84410770901889
5.145077777777778	126.25037656299347	220.90707287245692
5.178922222222223	126.33203331637068	226.64764953510712
5.212777777777778	126.46503460273371	231.62387825963106
5.246622222222222	126.62086149495806	235.16255655156647
5.280477777777778	126.70948119764262	236.93410220207898
5.314322222222223	126.73856712446954	236.98400940247313
5.348166666666667	126.79396654929639	235.40600587691762
5.382022222222222	126.79752993355356	231.90674542198275
5.415866666666667	126.79730833636273	227.11859826628722
5.449722222222222	126.79591797503753	221.4449418771665
5.483566666666667	126.74237963486979	209.5857415091188
5.517422222222223	126.76268742495813	209.63560743953258
5.551266666666667	126.78703983336283	204.67078281987648
5.585111111111112	126.73781994405667	198.8489057237329
5.618966666666667	126.76447312710985	198.7746405665884
5.652811111111111	126.77755850060575	198.81192079689475
5.6866666666666665	126.81650730807945	200.66683873986761
5.7205111111111115	126.84789913668035	204.07192400779093
5.754366666666667	126.87708095654966	214.46629857538824
5.788211111111111	126.91796356772804	220.5658168411054
5.822055555555556	126.88685547594349	220.5988619095383
5.855911111111111	126.92047631800182	231.2298074406636
5.889755555555555	126.87833383139727	234.88191609533533
5.923611111111112	126.81451771060125	236.8650923332686
5.957455555555556	126.8112273636489	236.98938467584236
5.991311111111111	126.76837561758754	235.53570350338669
6.025155555555556	126.6956913776514	232.29798442928217
6.059	126.48402745567293	227.4801073956525
6.0928555555555555	126.36876800531238	227.41825875754597
6.1267000000000005	126.20152500499574	221.80323077772846
6.160555555555556	126.09937040599053	215.88045007930884
6.1944	125.83782577720166	204.80645487299336
6.228255555555556	125.7017099983641	200.96527246307255
6.2621	125.68955154780028	198.7501637041001
6.295944444444444	125.66937299333446	198.59830732242926
6.3298000000000005	125.7234369791795	200.27154716342534
6.363644444444445	125.96482198144611	203.71301446559085
6.3975	126.157986158059	208.48736024662082
6.431344444444445	126.25759991879792	214.1608586776714
6.465200000000001	126.52054475227087	220.26107659527622
6.499044444444444	126.78568477056677	225.96542718540985
6.532888888888889	126.8807223876311	231.00441499199098
6.566744444444445	126.99754953925844	234.6727405116211
6.600588888888889	127.03807504922912	236.7354643777461
6.634444444444445	127.05367228140531	236.9989544445744
6.668288888888889	126.95133246237765	235.57225972713974
6.7021444444444445	126.88067718356425	232.39291479649893
6.7359888888888895	126.85002548193279	227.765408250566
6.769833333333334	126.75300797291371	222.28028803383143
6.803688888888889	126.67090309383781	216.21037697811676
6.837533333333334	126.54646109789363	210.3432064574846
6.871388888888889	126.40955236350814	205.27244813893356
6.905233333333333	126.2028938955255	201.44803102867695
6.9390888888888895	126.12455831379896	199.1314174853503
6.972933333333334	126.10364200859476	198.72923820490143
7.006777777777778	126.11355224556712	200.23654690575165
7.040633333333334	126.10302589672267	203.57724125874495
7.074477777777778	126.12705322616497	208.1860169836549
7.108333333333333	126.15370531306266	213.81110273839641
7.142177777777778	126.24239709827464	219.79629097934207
7.176033333333334	126.22603805798252	225.58382009633692
7.209877777777778	126.27184125484894	230.50112052237733
7.243722222222223	126.26863758617824	234.3286347660919
7.277577777777778	126.34452709850837	236.54990009110816
7.311422222222222	126.3106247561386	236.82935375345278
7.3452777777777785	126.26435196915341	235.54725658540758
7.379122222222223	126.23156891749147	232.42826742590205
7.412977777777778	126.2192363232653	227.88363410334244
7.446822222222223	126.21114114397761	222.32273885540968
7.480666666666667	126.19585344575569	216.34627161913568
7.514522222222222	126.18823309539343	210.39884618544113
7.548366666666667	126.14917022696847	205.31250442269442
7.582222222222223	126.14768364894667	201.4039864607982
7.616066666666667	126.23289690640712	198.99304565471772
7.649922222222223	126.26584133318252	198.51447053807436
7.683766666666667	126.34377650022336	199.9973004281524
7.717611111111111	126.35832033382695	203.29067437259533
7.751466666666667	126.53850776314209	207.78221992630012
7.7853111111111115	126.75143209717339	213.3536461337476
7.819166666666667	126.84321303789076	219.30445335083056
7.853011111111112	126.88896263851069	224.93527929335022
7.886866666666667	126.89334598693901	230.15582676100314
7.920711111111111	126.91735791932658	234.029431448372
7.954555555555556	126.91607281713203	236.2828956523898
7.988411111111112	126.90743435172362	236.79590986576085
8.022255555555557	126.808296897568	235.59375066781217
8.056111111111111	126.67646199444187	232.70679321730557
8.089955555555555	126.57265125731755	228.0565895961122
8.123811111111111	126.40830385345922	222.6379385774032
8.157655555555555	126.21922322597743	216.73254081510038
8.1915	126.09071177472413	210.92429557120988
8.225355555555556	125.99590366805799	205.80350622335652
8.2592	125.80821511487983	201.77474837933948
8.293055555555556	125.7079169029212	199.38699932632983
8.3269	125.66788551192829	198.77823052750665
8.360755555555555	125.61710057611825	200.11768115730644
8.3946	125.67754798605117	203.26316612354037
8.428444444444445	125.81781299792203	207.77564196263307
8.4623	126.0173744258766	213.33786889630716
8.496144444444445	126.18886090883584	219.261107275806
8.530000000000001	126.29267574984172	225.17665603860922
8.563844444444445	126.44526519143213	230.32521702947787
8.5977	126.79310468359014	236.5150512341092
8.631544444444446	126.83570650033982	236.91394003650686
8.66538888888889	126.83016047943971	235.70943284807515
8.699244444444444	126.83564920243964	232.94268979831793
8.73308888888889	126.84560833352177	228.51964998195172
8.766944444444444	126.84536918285886	228.51841391223212
8.800788888888889	126.74303118261531	217.1033327755822
8.834644444444445	126.77470638790379	217.0604233729307
8.868488888888889	126.50081175693126	206.0576821289311
8.902333333333333	126.3339226163636	202.01530921006866
8.93618888888889	126.29030974209147	199.50237074199737
8.970033333333333	126.203003685917	198.80925311300314
9.00388888888889	126.19438567023892	200.0624489816342
9.037733333333334	126.19724556255463	200.09555122586693
9.07158888888889	126.21987781208992	207.47319620842626
9.105433333333334	126.2260644972645	212.88463335477354
9.139277777777778	126.22701952395488	218.80602292972088
9.173133333333334	126.22418505029756	224.6498559672865
9.206977777777778	126.21784662782983	229.8355846907951
9.240833333333335	126.25175425642283	233.78028882698038
9.274677777777779	126.26382022974937	236.19750100440865
9.308533333333333	126.25598698402808	236.92278614187597
9.342377777777779	126.20871021588817	235.8700701126685
9.376233333333333	126.15138885373077	233.03342160668626
9.410077777777776	126.14554953585164	228.70665807033896
9.443922222222223	126.16291295343686	228.65806214298493
9.477777777777778	126.03107134717808	217.3647002488247
9.511622222222222	126.01619964388644	211.57172053531934
9.545477777777778	126.07431615146123	206.223562240935
9.579322222222222	126.09848686407094	202.06919513693646
9.613177777777778	126.11718031206587	199.44800474790412
9.647022222222223	126.21366268037968	198.65724585691737
9.680866666666667	126.2803033133126	199.94273650636427
9.714722222222223	126.37134574594666	202.79076162800857
9.748566666666667	126.59897883848271	207.11301275784223
9.782422222222223	126.78531698793444	212.48426885566806
9.816266666666667	126.89060967416896	218.29397429759405
9.850122222222224	126.9726165343873	224.113175646988
9.883966666666668	127.08537974706121	229.29243633122496
9.917811111111112	127.17384760398949	233.33630162938817
9.951666666666668	127.27760080904145	235.77786634075738
9.985511111111112	127.30639655075123	236.49243422442004
10.019366666666667	127.26960967156876	235.60322998034434
10.053211111111112	127.34779578505308	235.61202748501773
10.087066666666667	127.06615398508478	228.72040468157707
10.120911111111111	126.86469277356792	223.49494288155444
10.154755555555557	126.71326784421717	217.55604400619472
10.188611111111111	126.56494441115947	211.7363675460711
10.222455555555555	126.30905410646884	206.46492755336016
10.256311111111112	126.19405877746917	202.22378730860083
10.290155555555556	126.12828936561706	199.4819755145126
10.324011111111112	126.06374069851137	198.49495421955152
10.357855555555556	126.1037138074569	199.47545789857907
10.3917	126.10788294229559	202.20805585864343
10.425555555555556	126.19571914843613	206.51133107750712
10.4594	126.23057171536755	211.85992520225022
10.493255555555557	126.32262143835075	217.7039814742813
10.5271	126.42650953808604	223.69255060335098
10.560955555555555	126.53837060545271	229.0390635267688
10.594800000000001	126.78213208904654	233.11000133951086
10.628644444444445	126.83847491698114	235.71703963422738
10.6625	126.88408333886511	236.6038565585675
10.696344444444446	126.86627021625421	235.71603104583363
10.7302	126.86101538294676	233.1442881254025
10.764044444444444	126.87737184904347	229.1118934276475
10.7979	126.84387962388001	223.91776071768106
10.831744444444444	126.82678134316399	217.97515999647408
10.86558888888889	126.79391467204383	212.24711612829265
10.899444444444445	126.76681229431213	207.0555640248681
10.933288888888889	126.75941821549051	202.70319358316164
10.967144444444445	126.76268783525055	199.87570395581167
11.00098888888889	126.77434378288726	198.89535842901398
11.034844444444445	126.78309137021068	199.90203953312465
11.06868888888889	126.80344940802672	202.6471896097181
11.102533333333334	126.80208151006502	206.69127854450852
11.13638888888889	126.84504242150501	211.89834249304783
11.170233333333334	126.8420898614327	217.6992368668911
11.20408888888889	126.86441450262711	223.5354078097862
11.237933333333334	126.86155967040582	228.7765838621159
11.271788888888889	126.86307457338941	232.9847959210042
11.305633333333335	126.86024318538881	235.69036780780147
11.339477777777779	126.81424921319396	236.66747981061286
11.373333333333333	126.78109929509876	236.06933047344177
11.407177777777779	126.73730404031318	233.62090888547397
11.441033333333333	126.64209073085215	229.63068190868051
11.474877777777778	126.49681806907057	224.50056797594573
11.508733333333334	126.2582804562291	218.70762469947903
11.542577777777778	126.17445725093157	212.78995296622264
11.576422222222222	126.12813391048877	207.32644193537004
11.610277777777778	126.11576696748861	202.94337879229738
11.644122222222222	126.12417261948303	200.03188229028552
11.677977777777778	126.12502596310762	198.90317764470154
11.711822222222223	126.2160345659702	199.64078896465873
11.745677777777779	126.29827091720321	202.23590487762021
11.779522222222223	126.43837222200733	206.29907542050972
11.813366666666667	126.67191928861737	211.62986750383538
11.847222222222223	126.82064178669546	217.41041364449939
11.881066666666667	126.93618277193218	223.27951640425073
11.914922222222224	127.06431205632418	228.53689650048858
11.948766666666668	127.24220157942074	232.83905287707046
11.982622222222222	127.38372401872755	235.63505335594937
12.016466666666668	127.42131533163422	236.68488301941312
12.050311111111112	127.4354958530102	236.1133384317211
12.084166666666667	127.4030298743775	233.72782128987097
12.118011111111112	127.34306531690893	229.81397450836243
12.151866666666667	127.22751684526739	224.6363911808731
12.185711111111111	127.08016449207113	218.89910720633492
12.219566666666667	126.86691105019955	213.0301316830363
12.253411111111111	126.770771501865	207.7444329767511
12.287255555555555	126.64178622467688	203.384110865923
12.321111111111112	126.43759404678576	200.2982616754855
12.354955555555556	126.23405797328664	199.6436188837298
12.388811111111112	126.21687192986172	199.57774855645528
12.422655555555554	126.20477075539142	206.02927628009257
12.456511111111112	126.19880415688885	206.0051805695037
12.490355555555556	126.29713129264428	216.90075869765548
12.5242	126.26220885732516	216.90807521652096
12.558055555555557	126.42654484718963	228.26626031620464
12.5919	126.48524960541576	232.62057372221568
12.625755555555557	126.45311194572975	235.47896893633214
12.659600000000001	126.4818684534263	236.71763224804408
12.693455555555555	126.37154211933716	236.24359382954947
12.727300000000001	126.29880090690324	233.83541628406158
12.761144444444446	126.28062219297325	229.93892278428876
12.795	126.25795303869131	229.9033036297493
12.828844444444446	126.26437378752092	219.03620841628458
12.8627	126.21120304950438	213.23057880456867
12.896544444444444	126.17915419668631	207.75793647120577
12.930400000000002	126.18910625805586	203.36072493808842
12.964244444444445	126.20872270802582	200.283620523995
12.998088888888889	126.25101270291066	198.8727139015951
13.031944444444445	126.28413676310313	199.48294244590164
13.06578888888889	126.27906770051638	201.9842350850701
13.099644444444445	126.36363600088717	205.8716611826439
13.13348888888889	126.50658016166881	210.97518956408493
13.167344444444446	126.55449357488766	216.59627351985472
13.20118888888889	126.68969595749908	222.51839065288704
13.235033333333334	126.81279613635516	227.90267698710028
13.26888888888889	126.83453533047975	232.32203106482132
13.302733333333334	126.84748337033324	235.3377071161833
13.33658888888889	126.85985521209938	236.65803909384113
13.370433333333335	126.76664029197471	236.30837039161855
13.404288888888889	126.72591701136702	234.17344564486189
13.438133333333335	126.59314216146538	230.40470042914478
13.471977777777779	126.44645215216931	225.38347963548557
13.505833333333333	126.2362431510256	219.7331364639614
13.53967777777778	126.1239445665702	213.74859695992785
13.573533333333334	126.02911583458604	208.33574423820488
13.607377777777778	125.88173546908797	203.79696689044675
13.641233333333334	126.02004954327734	200.6660857838532
13.675077777777778	126.01338646368927	199.21850530932244
13.708922222222222	126.0896981510077	199.67712834208197
13.742777777777778	126.1602971254807	202.0350766394514
13.776622222222223	126.24481433208024	205.88117287569577
13.810477777777779	126.43946748795196	210.92790802627212
13.844322222222223	126.52997078559949	216.56030049764564
13.878177777777779	126.77716756794209	222.41036050550304
13.912022222222223	126.86946897506405	227.8437194308442
13.945877777777778	127.01669712772659	232.269251331497
13.979722222222223	127.21650625738462	235.40980740920418
14.013566666666668	127.36096004685422	236.76596857060747
14.047422222222222	127.38332423235042	236.40593737212208
14.081266666666668	127.41220268961754	234.29889322977652
14.115122222222222	127.41509296541128	230.5389115148716
14.148966666666666	127.37339389699667	225.7491690268826
14.182822222222223	127.316598931132	219.98388993749302
14.216666666666667	127.14481228789452	214.17506500960633
14.250511111111111	126.87354660260252	208.61735740090649
14.284366666666667	126.81268119885954	204.11921141116574
14.318211111111111	126.74779560920089	200.87308683154032
14.352066666666667	126.64671049114992	199.32639981875872
14.385911111111112	126.66646541305334	199.62766674115244
14.419766666666668	126.7110025760129	201.91299936258133
14.453611111111112	126.71153964353641	205.64015345570658
14.487455555555556	126.74386639759621	210.6673701620116
14.521311111111112	126.78837821335642	216.2637101663749
14.555155555555556	126.8165557758256	222.06476670921154
14.589011111111112	126.819310870185	227.46915688326203
14.622855555555557	126.86358400823161	231.891848322584
14.656711111111111	126.86329653856828	235.05472705855226
14.690555555555557	126.85748391694742	236.49519173282948
14.724400000000001	126.84934231755727	236.2057763033958
14.758255555555555	126.829946321309	234.27359437671305
14.792100000000001	126.80619535102542	230.6235715778148
14.825955555555556	126.7398060264471	225.74886511730386
14.8598	126.72908124286775	220.19280902811528
14.893655555555556	126.70332802474854	214.28646576434147
14.9275	126.68600691607242	208.72377031184442
14.961344444444444	126.72911622616616	204.08540045288692
14.9952	126.73639826742323	200.7839584805182
15.029044444444445	126.72658136208818	199.19574912444045
15.0629	126.85156769406694	199.52119703241175
15.096744444444445	126.86946808085119	201.54299577353186
15.130600000000001	126.93928113462383	205.2252551716316
15.164444444444445	127.03728362036225	210.03219148045025
15.19828888888889	127.07628110727472	215.61058443320212
15.232144444444446	127.23533960625082	221.4353673535266
15.26598888888889	127.35275023011272	226.88826064426956
